2 0.5009259259259259 0.01171875 0.9981481481481481 0.021354166666666667
1 0.5009259259259259 0.07117106119791666 1.0 0.09859212239583333
3 0.1675925925925926 0.07117106119791666 0.3333333333333333 0.09859212239583333
3 0.5009259259259259 0.07117106119791666 0.3333333333333333 0.09859212239583333
3 0.8342592592592593 0.07117106119791666 0.3333333333333333 0.09859212239583333
1 0.5009259259259259 0.22242431640625 1.0 0.20391438802083334
3 0.1259259259259259 0.22242431640625 0.25 0.20391438802083334
3 0.37592592592592594 0.22242431640625 0.25 0.20391438802083334
3 0.6259259259259259 0.22242431640625 0.25 0.20391438802083334
3 0.8759259259259259 0.22242431640625 0.25 0.20391438802083334
1 0.5009259259259259 0.6624471028645833 1.0 0.6761311848958333
3 0.25092592592592594 0.6624471028645833 0.5 0.6761311848958333
3 0.7509259259259259 0.6624471028645833 0.5 0.6761311848958333
4 0.24947916666666667 0.6631388346354167 0.49525462962962963 0.3348063151041667
