0 0.5 0.034375 1.0 0.06875
3 0.5 0.9901041666666667 1.0 0.019791666666666666
1 0.20747615488120513 0.2708890545801423 0.41495230976241027 0.4042781091602846
2 0.10373807744060257 0.2708890545801423 0.20747615488120513 0.4042781091602846
2 0.3112142323218077 0.2708890545801423 0.20747615488120513 0.4042781091602846
1 0.5620805390106121 0.2708890545801423 0.29425645849640353 0.4042781091602846
2 0.5620805390106121 0.2708890545801423 0.29425645849640353 0.4042781091602846
1 0.854604384129407 0.2708890545801423 0.29079123174118615 0.4042781091602846
2 0.854604384129407 0.2708890545801423 0.29079123174118615 0.4042781091602846
1 0.27102713543058105 0.726618221246809 0.5420542708611621 0.5071802241730488
2 0.13551356771529052 0.726618221246809 0.27102713543058105 0.5071802241730488
2 0.40654070314587154 0.726618221246809 0.27102713543058105 0.5071802241730488
1 0.771027135430581 0.726618221246809 0.4579457291388379 0.5071802241730488
2 0.6565407031458717 0.726618221246809 0.22897286456941895 0.5071802241730488
2 0.8855135677152906 0.726618221246809 0.22897286456941895 0.5071802241730488
