0 0.5 0.021875 1.0 0.04375
3 0.5 0.98125 1.0 0.0375
1 0.5 0.25170114964919066 1.0 0.4159022992983813
2 0.25 0.25170114964919066 0.5 0.4159022992983813
2 0.75 0.25170114964919066 0.5 0.4159022992983813
1 0.5 0.5760054830208323 1.0 0.232706367444902
2 0.16666666666666666 0.5760054830208323 0.3333333333333333 0.232706367444902
2 0.5 0.5760054830208323 0.3333333333333333 0.232706367444902
2 0.8333333333333334 0.5760054830208323 0.3333333333333333 0.232706367444902
1 0.5 0.8274293333716417 1.0 0.27014133325671674
2 0.1 0.8274293333716417 0.2 0.27014133325671674
2 0.3 0.8274293333716417 0.2 0.27014133325671674
2 0.5 0.8274293333716417 0.2 0.27014133325671674
2 0.7 0.8274293333716417 0.2 0.27014133325671674
2 0.9 0.8274293333716417 0.2 0.27014133325671674
