0 0.5 0.0296875 1.0 0.059375
3 0.5 0.9799479166666667 1.0 0.04010416666666667
1 0.5 0.2097406371770468 1.0 0.30073127435409364
2 0.16666666666666666 0.2097406371770468 0.3333333333333333 0.30073127435409364
2 0.5 0.2097406371770468 0.3333333333333333 0.30073127435409364
2 0.8333333333333334 0.2097406371770468 0.3333333333333333 0.30073127435409364
1 0.5 0.6600010538437134 1.0 0.5997895589792397
2 0.125 0.6600010538437134 0.25 0.5997895589792397
2 0.375 0.6600010538437134 0.25 0.5997895589792397
2 0.625 0.6600010538437134 0.25 0.5997895589792397
2 0.875 0.6600010538437134 0.25 0.5997895589792397
