0 0.5 0.03854166666666667 1.0 0.07708333333333334
3 0.5 0.9815104166666667 1.0 0.03697916666666667
1 0.5 0.223776907774101 1.0 0.29338714888153533
2 0.125 0.223776907774101 0.25 0.29338714888153533
2 0.375 0.223776907774101 0.25 0.29338714888153533
2 0.625 0.223776907774101 0.25 0.29338714888153533
2 0.875 0.223776907774101 0.25 0.29338714888153533
1 0.24539060304743263 0.6667456577741009 0.49078120609486525 0.5925503511184647
2 0.12269530152371631 0.6667456577741009 0.24539060304743263 0.5925503511184647
2 0.3680859045711489 0.6667456577741009 0.24539060304743263 0.5925503511184647
1 0.7453906030474327 0.6667456577741009 0.5092187939051348 0.5925503511184647
2 0.6180859045711489 0.6667456577741009 0.2546093969525674 0.5925503511184647
2 0.8726953015237163 0.6667456577741009 0.2546093969525674 0.5925503511184647
