0 0.5 0.03854166666666667 1.0 0.07708333333333334
3 0.5 0.9921875 1.0 0.015625
1 0.2812460860578575 0.29871389748755567 0.562492172115715 0.44326112830844466
2 0.14062304302892875 0.29871389748755567 0.2812460860578575 0.44326112830844466
2 0.4218691290867862 0.29871389748755567 0.2812460860578575 0.44326112830844466
1 0.2812460860578575 0.7523597308208889 0.562492172115715 0.464030538358222
2 0.14062304302892875 0.7523597308208889 0.2812460860578575 0.464030538358222
2 0.4218691290867862 0.7523597308208889 0.2812460860578575 0.464030538358222
1 0.7812460860578575 0.5307291666666667 0.437507827884285 0.9072916666666667
2 0.6718691290867862 0.5307291666666667 0.2187539139421425 0.9072916666666667
2 0.8906230430289287 0.5307291666666667 0.2187539139421425 0.9072916666666667
