0 0.5 0.028125 1.0 0.05625
3 0.5 0.98671875 1.0 0.0265625
1 0.26558126290160566 0.3319078640506699 0.5311625258032113 0.5513157281013398
2 0.13279063145080283 0.3319078640506699 0.26558126290160566 0.5513157281013398
2 0.3983718943524085 0.3319078640506699 0.26558126290160566 0.5513157281013398
1 0.7655812629016057 0.3319078640506699 0.4688374741967887 0.5513157281013398
2 0.6483718943524085 0.3319078640506699 0.23441873709839434 0.5513157281013398
2 0.8827906314508028 0.3319078640506699 0.23441873709839434 0.5513157281013398
1 0.5 0.7905016140506699 1.0 0.3658717718986602
2 0.125 0.7905016140506699 0.25 0.3658717718986602
2 0.375 0.7905016140506699 0.25 0.3658717718986602
2 0.625 0.7905016140506699 0.25 0.3658717718986602
2 0.875 0.7905016140506699 0.25 0.3658717718986602
