0 0.5 0.034895833333333334 1.0 0.06979166666666667
3 0.5 0.9901041666666667 1.0 0.019791666666666666
1 0.1145998446367459 0.525 0.2291996892734918 0.9104166666666667
2 0.1145998446367459 0.525 0.2291996892734918 0.9104166666666667
1 0.4535187551828043 0.525 0.44863813181862494 0.9104166666666667
2 0.341359222228148 0.525 0.22431906590931247 0.9104166666666667
2 0.5656782881374606 0.525 0.22431906590931247 0.9104166666666667
1 0.8389189105460584 0.525 0.3221621789078833 0.9104166666666667
2 0.7583783658190875 0.525 0.16108108945394164 0.9104166666666667
2 0.9194594552730291 0.525 0.16108108945394164 0.9104166666666667
