0 0.5 0.029166666666666667 1.0 0.058333333333333334
3 0.5 0.9859375 1.0 0.028125
1 0.5 0.1613983538343245 1.0 0.2061300410019823
2 0.125 0.1613983538343245 0.25 0.2061300410019823
2 0.375 0.1613983538343245 0.25 0.2061300410019823
2 0.625 0.1613983538343245 0.25 0.2061300410019823
2 0.875 0.1613983538343245 0.25 0.2061300410019823
1 0.5 0.4085069353819159 1.0 0.2880871220932006
2 0.16666666666666666 0.4085069353819159 0.3333333333333333 0.2880871220932006
2 0.5 0.4085069353819159 0.3333333333333333 0.2880871220932006
2 0.8333333333333334 0.4085069353819159 0.3333333333333333 0.2880871220932006
1 0.5 0.6245499485338903 1.0 0.1439989042107485
2 0.16666666666666666 0.6245499485338903 0.3333333333333333 0.1439989042107485
2 0.5 0.6245499485338903 0.3333333333333333 0.1439989042107485
2 0.8333333333333334 0.6245499485338903 0.3333333333333333 0.1439989042107485
1 0.5 0.7851807878409576 1.0 0.17726277440338564
2 0.16666666666666666 0.7851807878409576 0.3333333333333333 0.17726277440338564
2 0.5 0.7851807878409576 0.3333333333333333 0.17726277440338564
2 0.8333333333333334 0.7851807878409576 0.3333333333333333 0.17726277440338564
1 0.5 0.9228435875213251 1.0 0.09806282495734964
2 0.125 0.9228435875213251 0.25 0.09806282495734964
2 0.375 0.9228435875213251 0.25 0.09806282495734964
2 0.625 0.9228435875213251 0.25 0.09806282495734964
2 0.875 0.9228435875213251 0.25 0.09806282495734964
