0 0.5 0.03125 1.0 0.0625
3 0.5 0.9822916666666667 1.0 0.035416666666666666
1 0.5 0.14227529839390943 1.0 0.15955059678781888
2 0.25 0.14227529839390943 0.5 0.15955059678781888
2 0.75 0.14227529839390943 0.5 0.15955059678781888
1 0.5 0.30803445215539565 1.0 0.17196771073515346
2 0.125 0.30803445215539565 0.25 0.17196771073515346
2 0.375 0.30803445215539565 0.25 0.17196771073515346
2 0.625 0.30803445215539565 0.25 0.17196771073515346
2 0.875 0.30803445215539565 0.25 0.17196771073515346
1 0.24308931223778082 0.6793008204281529 0.48617862447556165 0.570565025810361
2 0.12154465611889041 0.6793008204281529 0.24308931223778082 0.570565025810361
2 0.3646339683566713 0.6793008204281529 0.24308931223778082 0.570565025810361
1 0.7430893122377807 0.6793008204281529 0.5138213755244384 0.570565025810361
2 0.6146339683566713 0.6793008204281529 0.2569106877622192 0.570565025810361
2 0.8715446561188904 0.6793008204281529 0.2569106877622192 0.570565025810361
