0 0.5 0.028645833333333332 1.0 0.057291666666666664
3 0.5 0.9830729166666666 1.0 0.033854166666666664
1 0.20182620431697074 0.34238916412377407 0.4036524086339415 0.5701949949142148
2 0.10091310215848537 0.34238916412377407 0.20182620431697074 0.5701949949142148
2 0.3027393064754561 0.34238916412377407 0.20182620431697074 0.5701949949142148
1 0.7018262043169707 0.15313446790799717 0.5963475913660585 0.19168560248266095
2 0.5527393064754561 0.15313446790799717 0.29817379568302926 0.19168560248266095
2 0.8509131021584854 0.15313446790799717 0.29817379568302926 0.19168560248266095
1 0.7018262043169707 0.4382319653651045 0.5963475913660585 0.37850939243155385
2 0.5527393064754561 0.4382319653651045 0.29817379568302926 0.37850939243155385
2 0.8509131021584854 0.4382319653651045 0.29817379568302926 0.37850939243155385
1 0.5 0.7968162474571073 1.0 0.33865917175245186
2 0.25 0.7968162474571073 0.5 0.33865917175245186
2 0.75 0.7968162474571073 0.5 0.33865917175245186
